116 11111111 1111111101»-

Α. D. greuez, 111 11111111111111111111111 11 1111 111 Fauna.
Ι197· 1111111, 111 11111111111111111111111111111111 111 1111111111·
1111111111 111 111 111 11111111111111111111111. 13111111
(31111111 111111 11111111111111111111111111, 11 11111
1111111111 menes 111111 111 11111111 de 11 1111111 01111111,
111 11111111111111111 1111111111 1111111111, 11 11111 111111
11111111111111111111 11111. par 111 111 prieur 1 111111
8111111111 Rey, 1111 11111, 1111111 choses 1111111 11111111,
11 1111111 delui, 1111111111111111111. 1511111111611·
11111111 111111111 [11111111111111111111111111 1111111
11111111, qe 111 my 1111111111111111111111 11 11111,
ζ 111 11 01111111 1111111111 111111111111111111111111111111111Ι
hors 11111111,111111111111111111111111111. 11111 111111
11 0111111111 1111 111111111111111111111111111111 11

111111 1111111 111111, 1111 1 ,11111111 11111111114111 ,ι

111111111111Χ[.11111111]111111111111115111
'V Μ1111Ῑ1,111 1111111 Layn 01111111111111111111

“ 1111111 11 11 11111 11 1111 1111111111 1111 pris. Pur 111 11
11 1111111111111 11 11 11111 11111111111111111111111111-
111 81111111111111, 11111 it deynent 11111,,11 111 1111111
pau, 11 1111111111 1111111111 1111111311111111, 1 11111
' 1111111 11111111 111, 11 111 11 11111 111111111111
auxi 1111 1111111911111, 1111111111 11111111 1 11111111-
111111 1111 com il 11111 11 11111, 11111111111111111,11111
11 1111111 11 111111111111111111, 1 111111111111111, 11
1111111 1111111111. 11111111 seulement 1111 mes altres
terres, 11 1111111111 111111111111111111.

’ De 11111111 111 Regis -

CU M 111 effet Dominus Rex m suo 1111111111-
Ρο11111111,1111111111111111111111111111111·

1VlI 11. Ψ
[ς.

 

